0,16,47,72,77,79
16,0,37,57,65,66
47,37,0,40,30,35
72,57,40,0,31,23
77,65,30,31,0,10
79,66,35,23,10,0